#clusters is up to 100000


recognition accuracy = 0.9133

confusion matrix = 

    [11     0     2     0     0     0     1     1     0     0;
     0    14     0     0     0     0     1     0     0     0;
     2     0    13     0     0     0     0     0     0     0;
     0     0     0    15     0     0     0     0     0     0;
     0     0     0     0    10     5     0     0     0     0;
     0     0     0     0     0    15     0     0     0     0;
     0     0     0     0     0     0    15     0     0     0;
     0     0     0     0     0     0     1    14     0     0;
     0     0     0     0     0     0     0     0    15     0;
     0     0     0     0     0     0     0     0     0    15]
