#clusters is up to 200000

recognition_accuracy = 0.9333



confusion matrix = 
  [11     0     3     0     0     0     1     0     0     0;
     0    14     0     0     0     0     1     0     0     0;
     1     0    14     0     0     0     0     0     0     0;
     0     0     0    15     0     0     0     0     0     0;
     0     0     0     0    11     4     0     0     0     0;
     0     0     0     0     0    15     0     0     0     0;
     0     0     0     0     0     0    15     0     0     0;
     0     0     0     0     0     0     0    15     0     0;
     0     0     0     0     0     0     0     0    15     0;
     0     0     0     0     0     0     0     0     0    15]

